result: 
(Pdb) write_list
[4234, 4204, 4239, 4213, 4239, 4233, 4229, 4260, 4149, 4261]
(Pdb) read_list
[22997, 22875, 22884, 23030, 23044, 23105, 23101, 23137, 22975, 23002]
(Pdb) skew_read_list
[23972, 23299, 23562, 23480, 23703, 23543, 24085, 23838, 23206, 23287]



new result: 10 //

(Pdb) write_list
[3996, 4006, 4042, 4043, 4023, 4073, 4031, 4059, 4052, 4108]
(Pdb) read_list
[22169, 22209, 22256, 22245, 22204, 22233, 22165, 22165, 22090, 22291]
(Pdb) dirty_read_list
[18173, 18144, 18168, 18139, 18089, 18108, 18028, 18013, 17938, 18129]
(Pdb) skew_read_list
[22661, 22994, 22592, 22596, 22802, 22941, 22372, 23005, 22413, 22804]
(Pdb) dirty_skew_read_list
[18665, 18929, 18504, 18490, 18687, 18816, 18235, 18853, 18261, 18642]